# nanos 
 30 

# nedades 
 5 

# ntallas 
 26 

# Edades 
 0.5 1.5 2.5 3.5 4.5 

# Tallas 
 4.5 5 5.5 6 6.5 7 7.5 8 8.5 9 9.5 10 10.5 11 11.5 12 12.5 13 13.5 14 14.5 15 15.5 16 16.5 17 

# madurezsexual 
 0 1 1 1 1 

# Ind 
1991 0 0.3 0 0.3 0 100 494567 0.01
1992 0 0.3 0 0.3 0 100 514787 0.01
1993 0 0.3 0 0.3 0 100 250237 0.01
1994 0 0.3 0 0.3 0 100 358949 0.01
1995 0 0.3 0 0.3 0 100 120608 0.01
1996 0 0.3 0 0.3 0 100 361735 0.01
1997 0 0.3 0 0.3 0 100 552515 0.01
1998 0 0.3 0 0.3 0 100 73892 0.01
1999 0 0.3 0 0.3 0 100 212993 0.01
2000 252601 0.3 0 0.3 0 100 205616 0.01
2001 567819 0.3 0 0.3 0 100 52469 0.01
2002 844713 0.3 0 0.3 498337 100 317467 0.01
2003 477998 0.3 0 0.3 0 100 293654 0.01
2004 351125 0.3 0 0.3 5186 100 387597 0.01
2005 339783 0.3 0 0.3 125008 100 252695 0.01
2006 2178397 0.3 552880 0.3 0 100 516296 0.01
2007 2134043 0.3 188675 0.3 168611 100 358380 0.01
2008 4813144 0.3 0 0.3 109162 100 742168 0.01
2009 1555625 0.3 991730 0.3 213762 100 942051 0.01
2010 2623565 0.3 2467720 0.3 579715 100 627588 0.01
2011 3216857 0.3 1416034 0.3 649985 100 828172 0.01
2012 3843000 0.3 1217169 0.3 157893 100 859565 0.01
2013 1133477 0.3 2296489 0.3 87575 100 418607 0.01
2014 3079434 0.3 1805815 0.3 83554 100 520667 0.01
2015 1972148 0.3 0 0.3 0 100 417249 0.01
2016 2032684 0.3 1482799 0.3 0 100 300574 0.01
2017 2025002 0.3 1565315 0.3 0 100 407403 0.01
2018 2424330 0.3 1577507 0.3 0 100 355545 0.01
2019 2275425 0.3 1421176 0.3 0 100 319650 0.01
2020 1050175 0.3 867257 0.3 0 100 289779 0.01       

# captura_edad 
8446 820 669 65 0
8095 1470 364 71 0
9664 169 160 7 0
9276 648 75 1 0
7033 2144 806 17 0
9318 425 243 14 0
5671 3108 964 239 18
768 2599 5324 1120 189
4902 3844 1066 170 17
7925 1577 466 30 2
8405 1276 313 6 1
8084 986 794 134 2
7335 1905 724 35 1
4001 4547 1325 127 0
4980 3083 1648 265 25
9179 499 305 17 0
2467 6533 926 74 0
9418 223 340 19 0
7078 2320 357 246 0
2470 1325 881 99 1
73523 11246 5091 658 53
55704 10787 5627 680 18
3612  9459 8367 672 6
25354 3027 3973 1248 31
22418 5468 1958	1147 67
2042 4452 6307 1192 250
14884 1281 3589 1644 89
7486 7149 2901 1353 108
1244 3178 4902 532 40
1959 1806 3524 1037 63

# Reclas_edad 
0 0 0 0 0
0 0 0 0 0
0 0 0 0 0
0 0 0 0 0
0 0 0 0 0
0 0 0 0 0
0 0 0 0 0
0 0 0 0 0
0 0 0 0 0
0 0 0 0 0
173310 1501 63 2 0
143810 7389 2527 124 0
31161 6392 90 0 0
64809 3177 826 0 0
38432 1846 7187 1097 0
436610 48530 30845 0 0
16545 83681 22563 662 0
441390 24608 77486 2264 0
436610 48530 30845 0 0
876816 77707 12084 1453 52
10760 111 1 0 0
1733589 34460 6886 2222 94
26432 55039 5009 589 0
743107 7516 17490 381 0
435439 68667 4845 7295 94
119518 64215 23599 4175	170
215076 22804 20376 1707	301
471029 44874 7382 1414 60 
51464 68920 23801 3352 30
16027 11305 22607 357 0

# Pelaces_edad 
0 0 0 0 0
0 0 0 0 0
0 0 0 0 0
0 0 0 0 0
0 0 0 0 0
0 0 0 0 0
0 0 0 0 0
0 0 0 0 0
0 0 0 0 0
0 0 0 0 0
0 0 0 0 0
0 0 0 0 0
0 0 0 0 0
0 0 0 0 0
0 0 0 0 0
0 0 0 0 0
10717 10018 461 0 0
0 0 0 0 0
439883 259752 142181 150047 0
497907 718920 765989 193408 8014
1316133 40170 276 0 0
403430 1000 132 0 0
80379 88474 9865 1820 0
306761 30364 2601 311 0
0 0 0 0 0
87057 47760 14367 434 50
122961 13481 18801 5866 69
190610 16449 5970 2486 0
57235 26572 25262 733 0
42741 7049 18059 1445 0

# Pelaces_talla 
0 0 0 0 0 0 0 0 0 0 0 0 0 0 0 0 0 0 0 0 0 0 0 0 0 0
0 0 0 0 0 0 0 0 0 0 0 0 0 0 0 0 0 0 0 0 0 0 0 0 0 0
0 0 0 0 0 0 0 0 0 0 0 0 0 0 0 0 0 0 0 0 0 0 0 0 0 0
0 0 0 0 0 0 0 0 0 0 0 0 0 0 0 0 0 0 0 0 0 0 0 0 0 0
0 0 0 0 0 0 0 0 0 0 0 0 0 0 0 0 0 0 0 0 0 0 0 0 0 0
0 0 0 0 0 0 0 0 0 0 0 0 0 0 0 0 0 0 0 0 0 0 0 0 0 0
0 0 0 0 0 0 0 0 0 0 0 0 0 0 0 0 0 0 0 0 0 0 0 0 0 0
0 0 0 0 0 0 0 0 0 0 0 0 0 0 0 0 0 0 0 0 0 0 0 0 0 0
0 0 0 0 0 0 0 0 0 0 0 0 0 0 0 0 0 0 0 0 0 0 0 0 0 0
0 0 0 0 0 0 0 0 0 0 0 0 0 0 0 0 0 0 0 0 0 0 0 0 0 0
0 0 0 0 0 0 0 0 0 0 0 0 0 0 0 0 0 0 0 0 0 0 0 0 0 0
0 0 0 0 0 0 0 0 0 0 0 0 0 0 0 0 0 0 0 0 0 0 0 0 0 0
175 0 0 4 84 261 170 548 2058 3208 3101 2595 2217 2220 1686 1175 484 145 94 26 21 10 3 3 1 0
0 0 0 0 0 0 0 0 0 0 0 0 0 0 0 0 0 0 0 0 0 0 0 0 0 0
0 0 0 0 0 0 0 91 147 696 758 1255 1048 1055 1033 1392 2112 2064 1592 1173 919 495 363 360 172 101
0 0 0 0 326 2275 4354 12700 18653 17492 13112 10572 6895 3101 861 168 78 0 0 0 15 0 13 0 0 0
0 0 0 0 0 0 0 2 6 380 965 975 2153 2405 2396 2205 1135 661 390 68 28 0 0 0 0 0
0 0 0 0 0 0 0 0 0 0 0 0 0 0 0 0 0 0 0 0 0 0 0 0 0 0
0 0 1 40 122 171 176 2680 7004 19380 18873 15907 6454 3128 3828 2910 3437 3120 1935 1063 1427 3578 2783 1376 172 0
0 676 4355 24187 64165 56884 16881 11949 10207 4561 4790 5331 6976 25563 21691 16925 12844 7189 11450 7204 2821 2737 435 239 0 0
0 0 0 0 12 1113 210 5412 30872 73470 49193 30649 15725 9730 2926 1167 1061 614 21 2 5 2 1 0 0 0
353 1158 3866 20898 54221 105092 91806 53800 22551 21185 22037 7236 1773 649 597 165 51 47 44 41 0 0 0 0 0 0
0 0 0 0 260 309 833 3799 8641 12781 16046 18733 11517 6085 10874 22465 30622 16874 8344 4519 5655 1695 449 38 0 0
0 2598 17347 33966 20053 16890 12740 24448 41889 52327 54073 29165 12853 7981 5027 3063 1073 302 991 730 1337 934 216 34 0 0
0 0 0 0 0 0 0 0 0 0 0 0 0 0 0 0 0 0 0 0 0 0 0 0 0 0
0 0 0 0 0 0 0 0 0 0 0 0 0 0 0 0 0 0 0 0 0 0 0 0 0 0
0 0 0 0 0 0 0 0 0 0 0 0 0 0 0 0 0 0 0 0 0 0 0 0 0 0
0 0 0 0 0 0 0 0 0 0 0 0 0 0 0 0 0 0 0 0 0 0 0 0 0 0
0 0 0 0 0 0 0 0 0 0 0 0 0 0 0 0 0 0 0 0 0 0 0 0 0 0
0 0 0 0 0 0 0 0 0 0 0 0 0 0 0 0 0 0 0 0 0 0 0 0 0 0

# Wmed 
5.6 15.5 29.4 38.2 40.1
4.6 13.2 26.6 40.9 40.1
3.1 11.6 25 29.9 40.1
5.1 12.3 24.7 31.7 40.1
4.5 13.9 23.5 34.3 40.1
6.4 14.4 27.3 33.6 39.9
4.9 13.5 24 37.1 39.7
10.9 17.1 24.7 35 37.8
10.6 14.9 29.2 37.3 41.7
6.1 23.1 28.5 39.3 41.5
5.6 11 25.4 38.6 40.5
4.9 14.2 24.1 32.1 38.4
5.4 12.3 25.1 32.3 34.1
7.6 10.2 19.7 26.2 44.2
8.9 11.2 18.5 22.5 28.3
5 15.7 24.8 30 36.3
7.4 13.5 24.4 32.6 48.6
5.8 23.7 25.8 30.6 37.1
5.1 11.5 24.8 27.3 38.4
5 9.5 16.3 29.4 31.5
6.8 17.2 31.1 41.8 35.3
4.1 13.2 18.2 26.7 35.3
7.4 11 19.3 27.2 32.9
9.4 15.5 24 27.7 33.6
4.9 16.2 21.9 28.3 32.2
8.3 14.8 21.5 29.7 33.3
8.3 15.9 23.2 27.6 32.8
8.3 12.0 16.6 24.4 29.5
5.2 20.5 21.7 29.0 33.4
7.3 15.9 26.5 31.7 36.1

# Wmedp_3
7.5 15.8 21.9 28.5 33.0

# Wini 
2.4 9.3 21.3 33.5 39.1
2.9 8.6 20.3 34.7 39.1
1.6 7.3 18.2 28.2 40.5
3.1 6.2 16.9 28.2 34.6
2.5 8.4 17.0 29.1 35.7
4.4 8.0 19.5 28.1 37.0
2.6 9.3 18.6 31.8 36.5
9.3 9.2 18.3 29.0 37.4
7.2 12.7 22.3 30.4 38.2
4.5 15.6 20.6 33.9 39.3
3.5 8.2 24.2 33.2 39.9
3.1 8.9 16.3 28.6 38.5
3.9 7.8 18.9 27.9 33.1
6.3 7.4 15.6 25.6 37.8
6.7 9.2 13.7 21.1 27.2
3.0 11.8 16.7 23.6 28.6
4.1 8.2 19.6 28.4 38.2
4.1 13.2 18.7 27.3 34.8
3.7 8.2 24.2 26.5 34.3
2.7 7.0 13.7 27.0 29.3
4.9 9.3 17.2 26.1 32.2
2.5 9.5 17.7 28.8 38.4
5.1 6.7 16.0 22.2 29.6
7.2 10.7 16.2 23.1 30.2
2.8 12.3 18.4 26.1 29.9
6.0 8.5	18.7 25.5 30.7
6.9 11.5 18.5 24.4 31.2
6.2 10.0 16.2 23.8 28.5
3.0 13.0 16.1 21.9 28.5
4.9 9.1 23.3 26.2 32.3

# Winip_3
4.9 10.4 18.6 24.4 30.3

# Error_edad 
1 0.05 0 0 0
0.03 0.9 0.07 0 0
0 0 1 0 0
0 0 0 1 0
0 0 0 0 1

# CVs 
 0.6 100.2 100.6 

# log_priorRo 
 12.54 

# NMs 
 8 8 7 0

# Dt 
 0.5 0.83 0.16 0.16 

# FSflota 
 2 

# FSreclas 
 2 

# FSpelaces 
 2 
 
# opt_qrecl 
 3 

# opt_qpela 
 5 

# opt_qflo 
 4 

# par 
 18.1 0.74 8 0.1 1 

# opt_Lo 
 -3 -3 

# error_edad 
 2 

# opt_M 
 -2 

# opt_Ro 
 1 

# opt_devR 
 2 

# opt_devNo 
 2 

# opt_F 
 1 

# opt_Fspr 
 8 

# npbr 
 2 

# ratiopbr 
 0.6 0.325 

# nproy 
 2 

# opt_proy 
 1 

# opt_Str
 1
 
# opRec 
 6 

# opProp 
 0.70 0.30

# opWmed
 3

# mF
 1

# prop_estruc
 1
 1
 1
 1
 1
 
 
 
 
 
 
 
 
 